提取的IQ数据
==================================================
i_local: [162.333344, 150.333328, -228.333313, 395.333313, -349.0, -114.666679, -66.333328, -142.666672, 124.000008, -266.333313, 41.666668, -107.0, -76.0, -53.333332, 368.666656, -382.333313, -118.0, -14.0, 179.0, -391.0, -47.999985, 0.0, 0.0, 0.0, -15.5, -247.999985, 237.5, 134.0, -50.666656, -176.333328, -113.0, -121.333336, -3.0, 49.333336, 305.333313, 129.0, -171.666656, 42.333328, 63.333336, 45.666679, 77.0, -128.666656, -40.5, -257.5, -137.333344, 14.333344, 56.333328, -78.000015, -55.333336, -182.666656, 153.0, -252.0, 188.0, 271.333313, -172.333328, -24.0, -197.0, -328.0, -47.0, -43.999992, -301.333313, -184.0, 45.666656, -367.0, 62.0, 35.333351, 273.0, -148.333328, -271.0, -54.666668, -205.333313, -170.5, 134.666672, 84.0, -308.0]

q_local: [-43.000008, -57.333328, 254.666656, 37.666656, -166.5, 50.333328, 289.0, -57.666668, 244.999985, 373.666656, 86.666679, 28.5, -329.0, 136.333328, 185.0, 6.999992, 115.0, 146.5, 376.0, -53.5, -143.666656, 0.0, 0.0, 0.0, -53.5, -245.0, -113.5, 378.0, -112.666656, 1.000004, 171.666641, 195.666641, -3.0, -357.999969, 64.666656, 189.0, 79.333328, 13.000004, 89.666664, -18.666672, -203.0, 28.000004, 66.0, 286.5, -278.666656, -111.666672, 18.666668, -112.999992, 63.666679, 132.333328, 17.0, -15.0, -102.666641, -58.333344, 70.666672, 60.666679, 210.5, -197.333328, -189.333328, -128.666672, -35.333336, 91.0, -178.0, -191.5, 129.999985, 67.0, 38.5, -375.333313, 311.0, 33.333344, 58.000008, -61.5, 1.000004, -128.5, -212.0]

i_remote: [-113.333336, -103.666672, 83.666649, -378.666656, 370.5, 79.333344, -40.0, 148.000015, -182.333344, 168.0, -50.0, 69.0, 145.5, 48.333332, -378.666656, 348.333313, 108.000008, 6.5, -199.5, 374.0, 59.333313, 0.0, 0.0, 0.0, 8.5, 229.666656, -242.5, -89.0, 59.999985, 155.666672, 129.333344, 141.0, 1.5, -121.333328, -288.0, -83.0, 177.666656, -37.666649, -47.666668, -51.666679, -127.0, 128.333328, 55.0, 320.0, 67.666672, -50.666672, -49.999985, 42.000008, 75.0, 219.333344, -140.5, 224.5, -208.666656, -272.333313, 192.333328, 43.333336, 270.0, 176.666656, -58.333332, -36.333336, 227.333313, 196.0, -134.333328, 146.5, 37.666649, 36.666656, -153.5, -171.333344, 407.5, 58.333344, 191.333344, 44.0, -83.0, -137.5, -36.333336]

q_remote: [-112.666672, -107.333321, 327.333313, -125.000008, -36.0, 75.333328, 279.666687, -16.666666, 187.333298, 400.333313, 75.333344, 35.0, -291.5, 133.0, 124.999992, 51.333328, 104.0, 103.0, 344.5, -35.0, -116.999992, 0.0, 0.0, 0.0, -42.5, -245.333328, -96.0, 380.5, -102.666656, -14.333331, 149.666656, 163.333313, -2.5, -333.0, 98.666656, 191.5, 34.666649, 27.333334, 98.666664, 1.333332, -157.0, -3.333321, 49.5, 189.5, -295.333313, -96.333336, 48.333328, -117.0, 49.333344, 55.333321, 181.666656, -106.5, -19.999985, 61.999985, -18.333324, 41.000008, 109.0, -324.666656, -175.0, -124.666656, -183.333328, -48.0, -113.666672, -382.5, 133.999969, 75.333336, 218.5, -357.666656, -21.5, -30.666662, -128.333313, -171.0, 103.666672, 0.0, -363.333313]

距离估计数据:
ifft: 0.07958
phase_slope: 0.719578
rtt: 4.744421
address: E9:D2:FF:FF:96:E8
